-31.33
17.83
4.4
-37.99
-13.87
-48.72
37.08
-16.48
5.25
-36.21
-3
8.47
-0.04
-35.78
-1.36
-41.1
-36.82
11.62
-36.31
-45.07
-47.99
2.62
40.78
30.5
24.02
-35.05
34.31
33.82
-46.4
0.36
17.55
-7.56
7.32
14.16
12.95
2.93
-13.65
-13.51
-29.79
2.9
-17.37
-4.71
16.39
-1.09
-24.62
-41.38
-18.41
-32.98
36.87
-44.26
6.6
40.68
-25.45
-12.05
49.45
35.51
-37.14
20.59
-22.07
0.68
45.97
47.19
-32.82
-30.6
5.28
26.7
-45.67
39.26
-41.19
38.79
24.2
4.26
15.25
-37.98
-44.42
-46.91
7.28
-29.31
8.8
-16.09
-20.42
4.64
-1.19
38.84
32.86
33.55
13.03
-20.02
-45.76
32.72
1.1
26.15
-3.57
10.78
-14.98
44.29
3.4
-18.39
12.46
42.77
18.7
-47.68
3.46
45.49
